  0.993208     -0.007277      0.062573      0.695335
  0.907847     -0.007862      0.057117      0.653051
  0.836114     -0.008388      0.052085      0.617284
  0.778008     -0.008855      0.047480      0.588034
  0.733529     -0.009263      0.043299      0.565301
  0.702678     -0.009611      0.039544      0.549084
  0.685455     -0.009901      0.036215      0.539383
  0.681858     -0.010132      0.033311      0.536199
  0.691889     -0.010304      0.030833      0.539532
  0.715548     -0.010417      0.028780      0.549382
  0.752834     -0.010471      0.027153      0.565747
  0.803747     -0.010465      0.025951      0.588630
  0.868288     -0.010401      0.025174      0.618029
  0.946457     -0.010278      0.024823      0.653945
  1.038252     -0.010096      0.024898      0.696377
