  1.053384     -0.009993      0.065498      0.717658
  1.056040     -0.010075      0.058290      0.732120
  1.058772     -0.010138      0.052304      0.743405
  1.061580     -0.010179      0.047540      0.751515
  1.064463     -0.010201      0.043999      0.756447
  1.067422     -0.010201      0.041680      0.758203
  1.070456     -0.010182      0.040584      0.756783
  1.073566     -0.010141      0.040710      0.752186
  1.076751     -0.010080      0.042058      0.744413
  1.080012     -0.009999      0.044628      0.733463
  1.083349     -0.009897      0.048421      0.719337
  1.086761     -0.009775      0.053436      0.702034
  1.090249     -0.009632      0.059674      0.681554
  1.093812     -0.009468      0.067134      0.657898
  1.097451     -0.009284      0.075816      0.631066
